dict_keys(['1', '5', '3', '2', '8', '7', '0', '4', '9', '6'])
set 1
	 id 0 (40, 28, 3)
	 id 1 (40, 28, 3)
	 id 2 (40, 28, 3)
	 id 3 (40, 28, 3)
	 id 4 (40, 28, 3)
	 id 5 (40, 28, 3)
	 id 6 (40, 28, 3)
	 id 7 (40, 28, 3)
	 id 8 (40, 28, 3)
	 id 9 (40, 28, 3)
set 5
	 id 0 (40, 28, 3)
	 id 1 (40, 28, 3)
	 id 2 (40, 28, 3)
	 id 3 (40, 28, 3)
	 id 4 (40, 28, 3)
	 id 5 (40, 28, 3)
	 id 6 (40, 28, 3)
	 id 7 (40, 28, 3)
	 id 8 (40, 28, 3)
	 id 9 (40, 28, 3)
set 3
	 id 0 (40, 28, 3)
	 id 1 (40, 28, 3)
	 id 2 (40, 28, 3)
	 id 3 (40, 28, 3)
	 id 4 (40, 28, 3)
	 id 5 (40, 28, 3)
	 id 6 (40, 28, 3)
	 id 7 (40, 28, 3)
	 id 8 (40, 28, 3)
	 id 9 (40, 28, 3)
	 id 10 (40, 28, 3)
	 id 11 (40, 28, 3)
	 id 12 (40, 28, 3)
	 id 13 (40, 28, 3)
	 id 14 (40, 28, 3)
	 id 15 (40, 28, 3)
	 id 16 (40, 28, 3)
	 id 17 (40, 28, 3)
	 id 18 (40, 28, 3)
set 2
	 id 0 (40, 28, 3)
	 id 1 (40, 28, 3)
	 id 2 (40, 28, 3)
	 id 3 (40, 28, 3)
	 id 4 (40, 28, 3)
	 id 5 (40, 28, 3)
	 id 6 (40, 28, 3)
	 id 7 (40, 28, 3)
	 id 8 (40, 28, 3)
	 id 9 (40, 28, 3)
	 id 10 (40, 28, 3)
	 id 11 (40, 28, 3)
	 id 12 (40, 28, 3)
	 id 13 (40, 28, 3)
	 id 14 (40, 28, 3)
	 id 15 (40, 28, 3)
	 id 16 (40, 28, 3)
	 id 17 (40, 28, 3)
	 id 18 (40, 28, 3)
	 id 19 (40, 28, 3)
	 id 20 (40, 28, 3)
	 id 21 (40, 28, 3)
	 id 22 (40, 28, 3)
	 id 23 (40, 28, 3)
	 id 24 (40, 28, 3)
	 id 25 (40, 28, 3)
	 id 26 (40, 28, 3)
	 id 27 (40, 28, 3)
	 id 28 (40, 28, 3)
	 id 29 (40, 28, 3)
set 8
	 id 0 (40, 28, 3)
	 id 1 (40, 28, 3)
	 id 2 (40, 28, 3)
	 id 3 (40, 28, 3)
	 id 4 (40, 28, 3)
	 id 5 (40, 28, 3)
	 id 6 (40, 28, 3)
	 id 7 (40, 28, 3)
	 id 8 (40, 28, 3)
	 id 9 (40, 28, 3)
set 7
	 id 0 (40, 28, 3)
	 id 1 (40, 28, 3)
	 id 2 (40, 28, 3)
	 id 3 (40, 28, 3)
	 id 4 (40, 28, 3)
	 id 5 (40, 28, 3)
	 id 6 (40, 28, 3)
	 id 7 (40, 28, 3)
	 id 8 (40, 28, 3)
	 id 9 (40, 28, 3)
set 0
	 id 0 (40, 28, 3)
	 id 1 (40, 28, 3)
	 id 2 (40, 28, 3)
	 id 3 (40, 28, 3)
	 id 4 (40, 28, 3)
	 id 5 (40, 28, 3)
	 id 6 (40, 28, 3)
	 id 7 (40, 28, 3)
	 id 8 (40, 28, 3)
	 id 9 (40, 28, 3)
	 id 10 (40, 28, 3)
	 id 11 (40, 28, 3)
	 id 12 (40, 28, 3)
set 4
	 id 0 (40, 28, 3)
	 id 1 (40, 28, 3)
	 id 2 (40, 28, 3)
	 id 3 (40, 28, 3)
	 id 4 (40, 28, 3)
	 id 5 (40, 28, 3)
	 id 6 (40, 28, 3)
	 id 7 (40, 28, 3)
	 id 8 (40, 28, 3)
	 id 9 (40, 28, 3)
set 9
	 id 0 (40, 28, 3)
	 id 1 (40, 28, 3)
	 id 2 (40, 28, 3)
	 id 3 (40, 28, 3)
	 id 4 (40, 28, 3)
	 id 5 (40, 28, 3)
	 id 6 (40, 28, 3)
	 id 7 (40, 28, 3)
	 id 8 (40, 28, 3)
	 id 9 (40, 28, 3)
set 6
	 id 0 (40, 28, 3)
	 id 1 (40, 28, 3)
	 id 2 (40, 28, 3)
	 id 3 (40, 28, 3)
	 id 4 (40, 28, 3)
	 id 5 (40, 28, 3)
	 id 6 (40, 28, 3)
	 id 7 (40, 28, 3)
	 id 8 (40, 28, 3)
	 id 9 (40, 28, 3)
